"ID"	"Hits"	"Unknown"	"Fraction"	"Total"	"Raw.Reads"	"X..Q30..."	"Fraction2"	"All_allels_total"	"NonUniqe_Fraction"
"P21502_101"	22	6	0.785714285714286	28	143	72.72	0.153846153846154	22	0
"P21502_102"	1173	312	0.78989898989899	1485	6414	78.05	0.18288119738073	1173	0
"P21502_103"	6035	1700	0.78021978021978	7735	36394	68.36	0.165824036929164	6035	0
"P21502_104"	72	22	0.765957446808511	94	780	68.76	0.0923076923076923	72	0
"P21502_105"	567	179	0.760053619302949	746	4565	70.74	0.12420591456736	567	0
"P21502_107"	116	54	0.682352941176471	170	655	78.49	0.177099236641221	116	0
"P21502_108"	4487	1168	0.793457117595049	5655	30586	76.79	0.146701105080756	4487	0
"P21502_109"	8012	1139	0.875532728663534	9151	46337	70.13	0.172907180007338	8012	0
"P21502_110"	14204	3689	0.793829989381322	17893	76595	75.2	0.185442914028331	14204	0
"P21502_111"	4199	1023	0.804098046725393	5222	23389	78.74	0.179528838342811	4199	0
"P21502_112"	2426	1033	0.7013587742122	3459	24629	76.31	0.0985017662105648	2426	0
"P21502_113"	2508	1104	0.694352159468439	3612	10365	72.62	0.241968162083936	2508	0
"P21502_114"	246	74	0.76875	320	31821	69.92	0.007730743848402	246	0
"P21502_115"	4009	992	0.801639672065587	5001	41871	77.31	0.0957464593632825	4009	0
"P21502_116"	5953	1960	0.752306331353469	7913	25393	71.55	0.234434686724688	5953	0
"P21502_117"	3945	940	0.807574206755374	4885	26287	66.46	0.150074181154183	3945	0
"P21502_118"	6195	1904	0.764909248055315	8099	34307	76.04	0.180575392776984	6195	0
"P21502_119"	7	1	0.875	8	1987	43.18	0.00352289884247609	7	0
"P21502_120"	8460	2329	0.784131986282325	10789	41770	76.8	0.20253770648791	8460	0
"P21502_121"	5183	1665	0.756863317757009	6848	29115	77.76	0.178018203675082	5183	0
"P21502_122"	330	73	0.818858560794045	403	31466	71.21	0.0104875103286087	330	0
"P21502_123"	3703	1253	0.747175141242938	4956	41713	77.82	0.0887732841080718	3703	0
"P21502_124"	4438	1262	0.77859649122807	5700	32633	66.66	0.135997303343242	4438	0
"P21502_125"	5122	1641	0.757356202868549	6763	51720	74.68	0.0990332559938128	5122	0
"P21502_126"	3	19	0.136363636363636	22	36746	75.32	8.16415392151527e-05	3	0
"P21502_127"	8829	2119	0.806448666423091	10948	52172	77.57	0.169228705052519	8829	0
"P21502_128"	2272	669	0.772526351581095	2941	35561	75.69	0.0638902168105509	2272	0
"P21502_201"	34133	18161	0.652713504417333	52294	2026167	39.13	0.0168460941274831	63853	0.465444066841025
"P21502_203"	3121	2081	0.59996155324875	5202	80602	43.79	0.0387211235453215	6381	0.51089170976336
"P21502_204"	369	201	0.647368421052632	570	171188	35.06	0.00215552491997103	676	0.45414201183432
"P21502_206"	21397	13177	0.618875455544629	34574	70007	79.35	0.30564086448498	33033	0.352253806799261
"P21502_207"	19689	21445	0.478655127145427	41134	87442	73.68	0.22516639601107	30788	0.360497596466156
"P21502_208"	18659	11314	0.622526940913489	29973	113261	61.59	0.164743380333919	33000	0.434575757575758
"P21502_209"	21385	15313	0.582729304049267	36698	111313	68.54	0.192115925363614	38654	0.446758420862007
"P21502_210"	10411	6910	0.601062294324808	17321	114549	51.7	0.0908868693746781	21538	0.51662178475253
"P21502_212"	22506	12672	0.639774859287054	35178	133186	60.5	0.168981724805911	43330	0.480590814678052
"P21502_214"	42346	12846	0.76724887664879	55192	98852	80.38	0.428377776878566	52864	0.198963377723971
"P21502_216"	37584	6101	0.860341078173286	43685	77368	75.96	0.485782235549581	38500	0.0237922077922078
"P21502_218"	27691	12399	0.690720878024445	40090	101511	76.48	0.272788170740117	44348	0.375597546676288
"P21502_219"	36	8250	0.00434467776973208	8286	97422	68.72	0.000369526390343044	33888	0.998937677053824
"P21502_221"	79130	24808	0.761319248013239	103938	121137	82.43	0.653227337642504	82606	0.042079267849793
"P21502_222"	21	10037	0.00208789023662756	10058	95121	73.35	0.000220771438483616	40244	0.999478183083192
"P21502_223"	12	10784	0.00111152278621712	10796	75346	79.32	0.000159265256284342	39802	0.999698507612683
"P21502_224"	2	2	0.5	4	173	65.68	0.0115606936416185	7	0.714285714285714
"P21502_129"	1801	578	0.757040773434216	2379	29112	76.21	0.061864523220665	1801	0
"P21502_130"	111	22	0.834586466165414	133	19589	76.52	0.00566644545408137	111	0
"P21502_131"	356	141	0.716297786720322	497	32876	74.32	0.0108285679523056	356	0
"P21502_132"	4712	1426	0.767676767676768	6138	28531	76.52	0.165153692474852	4712	0
"P21502_133"	8121	1894	0.810883674488268	10015	55539	73.99	0.146221574029061	8121	0
"P21502_134"	7329	1664	0.814967196708551	8993	38455	76	0.190586399687947	7329	0
"P21502_135"	16026	3539	0.819115767952977	19565	87002	78.07	0.18420266200777	16026	0
"P21502_136"	3964	958	0.805363673303535	4922	25714	77.23	0.154157268414093	3964	0
"P21502_137"	4995	1483	0.77107131830812	6478	38816	78.01	0.128684047815334	4995	0
"P21502_138"	12	3	0.8	15	29243	76.34	0.000410354614779605	12	0
"P21502_139"	5403	1495	0.78327051319223	6898	36064	77.14	0.149816992014197	5403	0
"P21502_140"	1752	643	0.731524008350731	2395	14935	77.93	0.117308336123201	1752	0
"P21502_141"	1307	422	0.755928282244072	1729	55349	66.67	0.023613796093877	1307	0
"P21502_142"	5	16	0.238095238095238	21	22935	73.44	0.000218007412252017	5	0
"P21502_143"	30920	8818	0.778096532286476	39738	100971	78.96	0.306226540293748	30920	0
"P21502_144"	8096	2583	0.758123419795861	10679	78375	77.68	0.103298245614035	8096	0
"P21502_145"	6066	1410	0.81139646869984	7476	24206	77.65	0.250599025035115	6066	0
"P21502_146"	74	19	0.795698924731183	93	80490	77.97	0.000919368865697602	74	0
"P21502_147"	222	122	0.645348837209302	344	65663	74.88	0.00338089944108554	222	0
"P21502_148"	7735	2168	0.781076441482379	9903	33257	77.46	0.232582614186487	7735	0
"P21502_149"	1	29	0.0333333333333333	30	60663	72.8	1.64845128002242e-05	1	0
"P21502_150"	5003	1374	0.784538184099106	6377	43265	63.05	0.115636195539119	5003	0
"P21502_151"	8788	2834	0.756152125279642	11622	66136	76.13	0.132877706544091	8788	0
"P21502_152"	0	11	0	11	21647	67.67	0	0	NA
"P21502_153"	6476	1746	0.787642909267818	8222	33696	77.95	0.192188983855651	6476	0
"P21502_154"	499	105	0.826158940397351	604	51960	74.21	0.00960354118552733	499	0
"P21502_155"	1516	463	0.766043456291056	1979	32033	75.37	0.047326194861549	1516	0
"P21502_156"	4104	957	0.810906935388263	5061	28856	75.32	0.142223454394233	4104	0
"P21502_157"	1204	244	0.831491712707182	1448	44765	75.65	0.0268960125097733	1204	0
"P21502_158"	3	7	0.3	10	25076	71.44	0.000119636305630882	3	0
"P21502_159"	16601	2920	0.850417499103529	19521	92261	76.64	0.179935183880513	16601	0
"P21502_160"	38	25	0.603174603174603	63	38780	76.29	0.000979886539453327	38	0
"P21502_161"	0	77	0	77	31031	75.52	0	0	NA
"P21502_162"	0	0	NA	0	20330	73.53	0	0	NA
"P21502_163"	0	228	0	228	207817	75.86	0	0	NA
"P21502_164"	0	13	0	13	30532	70.35	0	0	NA
"P21502_165"	5	84	0.0561797752808989	89	13253	68.18	0.000377273070248246	5	0
"P21502_166"	0	2	0	2	10358	71.47	0	0	NA
"P21502_225"	13150	12493	0.512810513590453	25643	81764	72.47	0.160828726578934	32864	0.59986611489776
"P21502_226"	11620	10425	0.527103651621683	22045	119018	57.56	0.0976322909139794	29847	0.610681140483131
"P21502_227"	14332	13342	0.517886825178868	27674	124568	62.49	0.115053625329138	36297	0.605146430834504
"P21502_228"	9977	7065	0.58543598169229	17042	94012	62.7	0.106124750031911	23768	0.58023392797038
"P21502_229"	13339	11601	0.534843624699278	24940	76346	74.99	0.17471773242868	30010	0.555514828390536
"P21502_230"	12913	8268	0.609650158160616	21181	89464	68.5	0.144337387105428	29797	0.566634224921972
"P21502_231"	2892	2833	0.505152838427948	5725	153481	43.93	0.0188427232035236	9497	0.695482784037064
"P21502_233"	21265	8592	0.712228288173628	29857	69886	74.92	0.304281258048822	23084	0.0787991682550684
"P21502_235"	17976	7237	0.712965533653274	25213	118829	58.13	0.151276203620328	19894	0.0964109781843772
"P21502_236"	22104	8408	0.724436287362349	30512	75747	75.01	0.291813537169789	24401	0.0941354862505635
"P21502_237"	8082	2838	0.74010989010989	10920	160210	43.16	0.0504462892453655	9087	0.110597556949488
"P21502_238"	0	0	NA	0	269	49.43	0	0	NA
"P21502_239"	3208	2143	0.599514109512241	5351	71148	69.44	0.045089110024175	3233	0.00773275595422209
"P21502_240"	2491	2131	0.538944180008654	4622	64687	69.38	0.0385085102107069	2530	0.0154150197628458
"P21502_241"	4516	1668	0.730271668822768	6184	254532	44.56	0.0177423663822231	4582	0.0144041903099083
"P21502_242"	2890	1192	0.707986281234689	4082	149010	49.49	0.0193946714985571	3195	0.0954616588419405
"P21502_243"	35536	15699	0.693588367327023	51235	91994	78.01	0.386286062134487	35541	0.000140682591936074
"P21502_244"	14258	5730	0.713327996798079	19988	85321	68.86	0.167110090130214	14258	0
"P21502_245"	470	565	0.454106280193237	1035	64646	67.96	0.00727036475574668	471	0.00212314225053079
"P21502_246"	3243	3815	0.459478605837348	7058	68720	74.52	0.0471915017462165	3255	0.00368663594470046
