	Gene	Mean	N	sd	High	Low	Gene2
1	augustus_masked-Sm_000000F-processed-gene-19.38-mRNA-1	0.982798906	56	0.081385347	1.004550055	0.961047757	augustus_masked-Sm_000000F-processed-gene-19.38-mRNA-1
2	augustus_masked-Sm_000003F-processed-gene-1.63-mRNA-1	1.131482692	56	0.561526174	1.281556874	0.981408509	augustus_masked-Sm_000003F-processed-gene-1.63-mRNA-1
3	augustus_masked-Sm_000017F-processed-gene-5.128-mRNA-1	1.190113329	56	0.456265221	1.312055338	1.068171319	augustus_masked-Sm_000017F-processed-gene-5.128-mRNA-1
4	augustus_masked-Sm_000017F-processed-gene-5.129-mRNA-1	0.52110011	56	0.165252181	0.565265613	0.476934607	augustus_masked-Sm_000017F-processed-gene-5.129-mRNA-1
5	augustus_masked-Sm_000037F-processed-gene-5.2-mRNA-1	1.00195689	56	0.314545006	1.086022578	0.917891201	augustus_masked-Sm_000037F-processed-gene-5.2-mRNA-1
6	augustus_masked-Sm_000091F-processed-gene-0.10-mRNA-1	3.981578094	56	1.612274564	4.412476596	3.550679592	augustus_masked-Sm_000091F-processed-gene-0.10-mRNA-1
7	augustus_masked-Sm_000091F-processed-gene-0.19-mRNA-1	2.236068348	56	0.861455232	2.466301943	2.005834752	augustus_masked-Sm_000091F-processed-gene-0.19-mRNA-1
8	augustus_masked-Sm_000091F-processed-gene-0.9-mRNA-1	0.98251178	56	0.264439387	1.053186179	0.911837381	augustus_masked-Sm_000091F-processed-gene-0.9-mRNA-1
9	genemark-Sm_000002F-processed-gene-3.20-mRNA-1	0.974483873	56	0.118013882	1.00602441	0.942943337	genemark-Sm_000002F-processed-gene-3.20-mRNA-1
10	genemark-Sm_000011F-processed-gene-7.63-mRNA-1	1.029549251	56	0.095749024	1.055139254	1.003959248	genemark-Sm_000011F-processed-gene-7.63-mRNA-1
11	genemark-Sm_000025F-processed-gene-6.14-mRNA-1	0.797426234	56	0.245341093	0.862996399	0.731856068	genemark-Sm_000025F-processed-gene-6.14-mRNA-1
12	genemark-Sm_000025F-processed-gene-7.165-mRNA-1	1.276916799	56	0.243385943	1.341964429	1.21186917	genemark-Sm_000025F-processed-gene-7.165-mRNA-1
13	genemark-Sm_000029F-abinit-gene-7.104-mRNA-1	1.07977446	56	0.102032782	1.107043868	1.052505052	genemark-Sm_000029F-abinit-gene-7.104-mRNA-1
14	genemark-Sm_000054F-processed-gene-0.5-mRNA-1	1.315585893	56	0.314114572	1.399536543	1.231635242	genemark-Sm_000054F-processed-gene-0.5-mRNA-1
15	genemark-Sm_000091F-processed-gene-0.100-mRNA-1	1.382184058	56	0.470716808	1.507988417	1.2563797	genemark-Sm_000091F-processed-gene-0.100-mRNA-1
16	genemark-Sm_000091F-processed-gene-0.98-mRNA-1	3.526607647	56	1.301338748	3.874405057	3.178810238	genemark-Sm_000091F-processed-gene-0.98-mRNA-1
17	maker-Sm_000000F-augustus-gene-20.115-mRNA-1	0.991588318	56	0.073382553	1.01120063	0.971976006	maker-Sm_000000F-augustus-gene-20.115-mRNA-1
18	maker-Sm_000003F-snap-gene-2.76-mRNA-1	2.374298853	56	1.167524983	2.686333029	2.062264676	maker-Sm_000003F-snap-gene-2.76-mRNA-1
19	maker-Sm_000030F-snap-gene-1.6-mRNA-1	0.867533216	56	0.099874488	0.894225796	0.840840636	maker-Sm_000030F-snap-gene-1.6-mRNA-1
20	Sm_mito_g00002	11.30038093	56	3.56690364	12.25367603	10.34708583	Sm_mito_g00002
21	Sm_t00000096-RA	0.898907596	56	0.086764374	0.922096351	0.875718842	Sm_t00000096-RA
22	Sm_t00000203-RA	0.652907867	56	0.078585265	0.673910663	0.631905071	Sm_t00000203-RA
23	Sm_t00000203-RAa	0.359966192	56	0.182567893	0.408759514	0.31117287	Sm_t00000203-Raa
24	Sm_t00000203-RAaa	0.359992199	56	0.337295224	0.45013814	0.269846259	Sm_t00000203-RAaa
25	Sm_t00000203-Raac	0.200161591	56	0.105692976	0.228409227	0.171913954	Sm_t00000203-Raac
26	Sm_t00000271-RA	0.979795666	56	0.096805069	1.005667909	0.953923423	Sm_t00000271-RA
27	Sm_t00000776-RA	1.102300232	56	0.116247094	1.133368575	1.071231889	Sm_t00000776-RA
28	Sm_t00000816-RA	0.959234715	56	0.122057541	0.991855965	0.926613465	Sm_t00000816-RA
29	Sm_t00001449-RA	1.073958428	56	0.087039991	1.097220844	1.050696012	Sm_t00001449-RA
30	Sm_t00001545-RA	1.093055017	56	0.068128478	1.111263118	1.074846915	Sm_t00001545-RA
31	Sm_t00001624-RA	1.025030766	56	0.097190688	1.05100607	0.999055462	Sm_t00001624-RA
32	Sm_t00001766-RA	0.917816503	56	0.093445141	0.942790767	0.892842238	Sm_t00001766-RA
33	Sm_t00002559-RA	0.901190398	56	0.118732264	0.93292293	0.869457865	Sm_t00002559-RA
34	Sm_t00002700-RA	0.901941153	56	0.101916337	0.92917944	0.874702866	Sm_t00002700-RA
35	Sm_t00002911-RA	0.944571842	56	0.123654164	0.977619808	0.911523877	Sm_t00002911-R
36	Sm_t00003559-RA	1.012886783	56	0.083995289	1.035335468	0.990438097	Sm_t00003559-RA
37	Sm_t00003600-RA	0.80567879	56	0.133976622	0.841485548	0.769872032	Sm_t00003600-RA
38	Sm_t00003600-RAa	1.234761267	56	0.138975305	1.271903979	1.197618554	Sm_t00003600-Raa
39	Sm_t00004040-RA	0.255520266	56	0.316411387	0.340084767	0.170955766	Sm_t00004040-RA
40	Sm_t00004185-RA	0.992416649	56	0.193623892	1.044164811	0.940668487	Sm_t00004185-RA
41	Sm_t00004482-RA	1.050461929	56	0.110655288	1.080035799	1.020888059	Sm_t00004482-RA
42	Sm_t00004508-RA	1.022144671	56	0.112314257	1.052161918	0.992127423	Sm_t00004508-RA
43	Sm_t00004732-RA	0.469222891	56	0.094624251	0.494512286	0.443933496	Sm_t00004732-RA
44	Sm_t00004754-RA	1.057471667	56	0.070611493	1.076343382	1.038599951	Sm_t00004754-RA
45	Sm_t00005069-RA	1.000438442	56	0.089700066	1.024411793	0.976465091	Sm_t00005069-RA
46	Sm_t00005265-RA	1.261584145	56	0.095262177	1.287044032	1.236124257	Sm_t00005265-RA
47	Sm_t00005368-RA	0.982823254	56	0.113219701	1.013082492	0.952564016	Sm_t00005368-RA
48	Sm_t00005717-RA	2.984144949	56	0.780444751	3.192727582	2.775562315	Sm_t00005717-RA
49	Sm_t00006068-RA	1.042733326	56	0.115145261	1.073507192	1.011959461	Sm_t00006068-RA
50	Sm_t00007019-RA	1.01816837	56	0.110574535	1.047720657	0.988616082	Sm_t00007019-RA
51	Sm_t00007046-RA	0.994332504	56	0.112802849	1.024480334	0.964184675	Sm_t00007046-RA
52	Sm_t00007131-RA	1.07785271	56	0.09654725	1.103656048	1.052049372	Sm_t00007131-RA
53	Sm_t00007630-RA	1.059631383	56	0.101641479	1.08679621	1.032466555	Sm_t00007630-RA
54	Sm_t00007701-RA	0.972629147	56	0.143611892	1.011011039	0.934247254	Sm_t00007701-RA
55	Sm_t00007798-RA	1.151596239	56	0.104003534	1.179392353	1.123800125	Sm_t00007798-RA
56	Sm_t00007834-RA	0.97124709	56	0.266708436	1.042527917	0.899966262	Sm_t00007834-R
57	Sm_t00007866-RAa	1.040984606	56	0.227795976	1.101865641	0.98010357	Sm_t00007866-Raa
58	Sm_t00008820-RA	1.343087486	56	0.428999624	1.457742459	1.228432514	Sm_t00008820-RA
59	Sm_t00008887-RA	1.170254885	56	0.112481218	1.200316755	1.140193015	Sm_t00008887-RA
60	Sm_t00009095-RA	0.988851492	56	0.205561081	1.043790002	0.933912983	Sm_t00009095-RA
61	Sm_t00009272-RA	1.034238655	56	0.165228899	1.078397936	0.990079374	Sm_t00009272-RA
62	Sm_t00009273-RA	1.075767936	56	0.076807713	1.096295661	1.055240211	Sm_t00009273-RA
63	Sm_t00009617-RA	0.939930877	56	0.095106481	0.965349153	0.914512601	Sm_t00009617-RA
64	Sm_t00009882-RA	1.127466927	56	0.075632662	1.147680606	1.107253248	Sm_t00009882-RA
65	Sm_t00010479-RA	1.020111282	56	0.130338095	1.054945603	0.985276961	Sm_t00010479-RA
66	Sm_t00010759-RA	0.967478491	56	0.096166839	0.99318016	0.941776823	Sm_t00010759-RA
67	Sm_t00011072-RA	1.003443814	56	0.079256355	1.024625965	0.982261662	Sm_t00011072-RA
68	Sm_t00011279-RA	0.508988838	56	0.086513325	0.532110497	0.485867179	Sm_t00011279-RA
69	Sm_t00011280-RA	0.482056231	56	0.140280051	0.519547652	0.444564811	Sm_t00011280-RA
70	Sm_t00011281-RA	0.492003379	56	0.087774208	0.515462023	0.468544735	Sm_t00011281-RA
71	Sm_t00011290-RA	1.056418982	56	0.081050638	1.078080676	1.034757288	Sm_t00011290-RA
72	Sm_t00011531-RA	1.076841984	56	0.170664098	1.122453883	1.031230085	Sm_t00011531-RA
73	Sm_t00012102-RA	0.919533796	56	0.112336918	0.949557101	0.889510492	Sm_t00012102-RA
74	Sm_t00012258-RA	1.052757004	56	0.097582909	1.078837134	1.026676875	Sm_t00012258-RA
75	Sm_t00012279-RA	0.402503452	56	0.159259219	0.445067269	0.359939636	Sm_t00012279-RA
76	Sm_t00012684-RA	1.912061958	56	0.317441809	1.99690185	1.827222066	Sm_t00012684-RA
77	Sm_t00013038-RA	1.044904146	56	0.075011667	1.064951857	1.024856435	Sm_t00013038-RA
78	Sm_t00013427-RA	0.865243013	56	0.108049943	0.894120575	0.836365451	Sm_t00013427-RA
79	Sm_t00013510-RA	0.809682145	56	0.094072684	0.834824127	0.784540162	Sm_t00013510-RA
80	Sm_t00014412-RA	1.309186835	56	0.2259128	1.36956457	1.248809099	Sm_t00014412-RA
81	Sm_t00014438-RA	0.632963121	56	0.172755532	0.679133979	0.586792263	Sm_t00014438-RA
82	Sm_t00014498-RA	0.589633159	56	0.239229974	0.653570059	0.525696259	Sm_t00014498-RA
83	Sm_t00014831-RA	1.322768752	56	0.347552148	1.41565597	1.229881533	Sm_t00014831-RA
84	Sm_t00014838-RA	1.041157233	56	0.144235043	1.079705669	1.002608796	Sm_t00014838-RA
85	Sm_t00016646-RA	1.068078764	56	0.277883275	1.142346194	0.993811335	Sm_t00016646-RA
86	Sm_t00017696-RA	0.993110765	56	0.113624815	1.023478275	0.962743256	Sm_t00017696-RA
87	Sm_t00018447-RA	0.998766974	56	0.160708361	1.04171809	0.955815858	Sm_t00018447-RA
88	Sm_t00018460-RA	0.549454713	56	0.080661005	0.571012274	0.527897153	Sm_t00018460-RA
89	Sm_t00018630-RA	2.218076284	56	0.308777365	2.300600506	2.135552062	Sm_t00018630-RA
90	Sm_t00019220-RA	1.083043671	56	0.080864355	1.104655579	1.061431763	Sm_t00019220-RA
91	snap_masked-Sm_000001F-processed-gene-6.55-mRNA-1	1.066472759	56	0.124233819	1.099675644	1.033269874	snap_masked-Sm_000001F-processed-gene-6.55-mRNA-1
92	snap_masked-Sm_000037F-processed-gene-5.87-mRNA-1	1.71719891	56	0.607084281	1.879449009	1.554948811	snap_masked-Sm_000037F-processed-gene-5.87-mRNA-1
93	snap_masked-Sm_000102F-processed-gene-0.175-mRNA-1a	0.496152827	56	0.206601711	0.551369456	0.440936197	snap_masked-Sm_000102F-processed-gene-0.175-mRNA-1a
94	TRINITY_DN3598_c0_g2_i2	0.970789025	56	0.095884764	0.996415306	0.945162744	TRINITY_DN3598_c0_g2_i2
95	TRINITY_DN3625_c1_g2_i1	1.005653695	56	0.117802206	1.037137659	0.974169732	TRINITY_DN3625_c1_g2_i1
96	TRINITY_DN7103_c0_g2_i1	1.039771819	56	0.06386343	1.056840038	1.022703599	TRINITY_DN7103_c0_g2_i1