"Strain"	"Predict"	"Predict_low"	"Predict_high"	"EC05"	"EC05_SE"	"EC05_Low"	"EC05_high"	"EC50"	"EC50_SE"	"EC50_Low"	"EC50_high"	"EC95"	"EC95_SE"	"EC95_Low"	"EC95_high"	"Population"	"Plate.ID"	"Running.ID"	"Incubation_Position"	"Light_Intensity"	"Wait_time"	"RO5_Growth_Rate"	"Growth_Rate"	"SD_Grpwth_Rate."	"pH"	"FvFm"	"Start_Density"	"Pre_Density"	"drc_Normalization"	"Start_density"	"Relative_Start_Density"	"Biovolume"	"Surfacearea"	"Surface_Vol_ratio"	"Diameter"	"Diamter_Length_ratio"	"CuGrowth"	"CuGrowth_L"	"CuGrowth_H"
"1"	"GP2-4_26"	0.845469373965564	0.669602810344498	1.02133593758663	4.22505881152967	0.733783425244664	2.94426158199211	6.06302173355339	7.09969271312485	0.341509253714179	6.42385218447929	7.84663706032705	9.50507575482598	0.748962328934233	8.06844367327771	11.1975083130597	"GP"	"GP_1"	"GP_1"	"G6"	168	4.5	1.332759775	1.407856773	0.205997207	7.99	0.62	0.003191346	0.235907091	"Normal"	21.33928571	4.095621626	208.9244792	193.30625	0.925244618	5	0.775	0.217556988498511	0.465151921236664	-0.0300379442396423
"2"	"GP2-4_27"	0.861746351912171	0.723299932876466	1.00019277094788	6.00023804779323	0.355735088294025	5.30423433259207	6.7875690198988	7.78777824274092	0.134187737575678	7.51366011943473	8.0718969176199	9.01729165117512	0.279972281240201	8.45345633520955	9.6187341009477	"GP"	"GP_2"	"GP_2"	"G5"	176	4.566666667	1.395082233	1.529346538	0.166356683	7.98	0.67	0.004664418	0.209204268	"Low"	17.85714286	3.427298432	377.5001628	283.090625	0.749908617	5.9375	0.733571429	0.211437738068992	0.423170289719744	-0.00029481358176718
"3"	"GP2-4_28"	0.987513714275005	0.958332612818469	1.01669481573154	4.80457779498011	0.283057025626426	4.25056002416915	5.43080621300675	6.77870184715323	0.0957740873223782	6.58242635171858	6.98082990637662	8.22593847004564	0.22243861684947	7.77611841528742	8.7017789723918	"GP"	"GP_3"	"GP_3"	"D2"	186	4.633333333	1.400548033	1.504818524	0.048417182	7.99	0.65	0.002875531	0.171255571	"Normal"	12.55952381	2.410533231	399.0927734	298.790625	0.748674606	6	0.695059524	0.0187895940549292	0.0627018560774479	-0.0251226679675881
"4"	"GP2-4_29"	0.983719715841697	0.571880736326719	1.39555869535668	6.63151108387696	1.88421018418904	3.67279276873432	11.9737055762985	7.76496689635068	0.329840040857604	7.1084514144853	8.48211620023961	8.48522216289379	1.24788364419148	6.24940701365967	11.5209323054639	"GP"	"GP_4"	"GP_4"	"A1"	170	4.7	1.381327366	1.298249253	0.084713533	7.96	0.65	0.003657715	0.151564851	"Low"	25.625	4.91817325	138.6015625	166.0765625	1.198230088	3.5625	0.357827381	0.0211358667471446	0.555805514258747	-0.513533780764465
"5"	"GP2-4_31"	0.694300451548761	0.525645068560844	0.862955834536679	7.1620695776169	0.397464009905504	6.38141191532488	8.03822748245426	8.37585976827978	0.134171829377415	8.10143059212088	8.65958500293981	9.14642856718176	0.195873185329083	8.74802536563143	9.56297587604448	"GP"	"GP_5"	"GP_5"	"A7"	181	4.766666667	1.360107145	1.149735581	0.180116007	7.97	0.64	0.004109117	0.350724251	"Normal"	17.05357143	3.273070003	125.5948893	154.3015625	1.228565615	3.5	0.39375	0.351473647950023	0.545382742698413	0.157564553201631
"6"	"GP2-4_32"	0.587259565487078	0.458648690238448	0.715870440735708	6.7581235203189	0.346264906756511	6.07506336648361	7.51798471236747	8.46916557708847	0.127931127072894	8.20725357698895	8.73943578071524	9.61481738259915	0.25362514510856	9.10158108444872	10.1569949707623	"GP"	"GP_6"	"GP_6"	"A8"	165	4.833333333	1.427749856	1.169317308	0.179287326	7.88	0.63	0.00310282	0.172140171	"Normal"	12.85714286	2.467654871	201.7184245	196.25	0.972890803	4.625	0.57125	0.4826245337874	0.633011456212652	0.332237611362148
"7"	"GP2-4_71"	0.909894831517605	0.585876775470159	1.23391288756505	5.34770809697269	0.897087807620911	3.77276838849303	7.58010536179515	7.40418319271592	0.420142087298242	6.5800331086091	8.33155819224826	8.89030227101072	0.890505144659298	7.21855398628086	10.9492115207772	"GP"	"GP_7"	"GP_7"	"B1"	172	4.9	1.317951488	0.778128553	0.401249668	8.01	0.66	0.003848322	0.215060811	"Normal"	22.14285714	4.249850056	162.1362305	173.4359375	1.069692671	4.125	0.492291667	0.0701134043690272	0.322241105467099	-0.182014296729044
"8"	"GP2-4_39"	0.837534144649341	0.769125435658115	0.905942853640567	5.67109255732583	0.23354705679296	5.20562143863662	6.17818471298205	7.7178168028374	0.0827478422078871	7.54763753188054	7.89183316641312	9.17757330873024	0.169596846178598	8.83156845955934	9.53713400092018	"GP"	"GP_8"	"GP_8"	"B2"	181	4.966666667	1.430498652	1.484476775	0.090081457	7.99	0.65	0.003624119	0.400669051	"Normal"	9.866071429	1.893582384	434.535319	313.509375	0.721481917	6.3125	0.714583333	0.241176788998563	0.342727928703772	0.139625649293354
"9"	"GP2-4_40"	1	1	1	6.90897972983903	0.146001224999615	6.61192856187891	7.21937638324422	7.4381009450902	0.040724124994774	7.3538908103345	7.52327537847073	7.75315465916603	0.0412435191528747	7.66785674698219	7.83940143281965	"GP"	"GP_9"	"GP_9"	"B7"	183	5.033333333	1.338584216	1.324608547	0.135216973	8.01	0.62	0.002472355	0.351796491	"Normal"	15.98214286	3.067432097	222.2122396	198.2125	0.89199632	5.125	0.77	0	0	0
"10"	"GP2-4_72"	0.594698151454936	0.467344637243632	0.72205166566624	5.97224904072566	0.496872668619965	5.02339567038893	7.10032833262506	8.35973334248649	0.173179095308002	8.00723520110433	8.72774931699796	10.0994867536502	0.479238619799913	9.15045155380494	11.1469507365178	"GP"	"GP_10"	"GP_10"	"B8"	167	5.1	1.398114407	1.579373478	0.073072007	7.94	0.63	0.002902517	0.167419331	"Normal"	15.17857143	2.913203667	260.1334635	239.1796875	0.919449902	4.8125	0.478809524	0.640122990176447	0.841261752851876	0.438984227501017
"11"	"GP2-4_42"	0.996699432904831	0.906836058688791	1.08656280712087	6.09094301571668	1.61984371858023	3.50343582434152	10.5894866299373	7.39349446201633	0.4265513769116	6.55758075054427	8.3359645026604	8.24450474930216	0.960185583945902	6.47110802934682	10.5038979805328	"GP"	"GP_11"	"GP_11"	"C1"	175	5.166666667	1.361506471	0.063047713	0.200394298	7.94	0.58	0.001952476	0.071984631	"Normal"	23.30357143	4.472624454	128.4313151	159.2078125	1.239633904	3.3125	0.309970238	0.00020809320695346	0.00587377343373795	-0.00545758701983096
"12"	"GP2-4_43"	0.864376282225738	0.778381053362362	0.950371511089114	6.05300412140405	0.231588971728564	5.59005047605917	6.55429840046165	7.80214478309907	0.0864927093860192	7.62433089239229	7.98410563177169	8.99888887832203	0.17015169943652	8.65190570535643	9.3597877510677	"GP"	"GP_12"	"GP_12"	"C2"	184	5.233333333	1.346461561	1.519814235	0.162843657	8.02	0.62	0.002241419	0.355005251	"Normal"	17.41071429	3.341615971	297.7224935	244.5765625	0.821491717	5.5	0.684880952	0.206122856876946	0.336819629845588	0.0754260839083042
"13"	"GP2-4_44"	0.681984615838396	0.525886905156495	0.838082326520296	6.56813763744274	0.462545373495813	5.67334278154483	7.60405878606983	8.27350068853051	0.155355323986891	7.95664838841231	8.60297078639334	9.41986752481184	0.309789433842023	8.79716183767387	10.0866513339565	"GP"	"GP_13"	"GP_13"	"C7"	189	5.3	1.424717795	1.305513755	0.13060112	7.94	0.61	0.001922531	0.076291371	"Low"	32.67857143	6.271956131	131.344401	152.3390625	1.159844358	3.6875	0.424464286	0.415173458324583	0.618961166743815	0.211385749905352
"14"	"GP2-4_45"	0.578865059073057	0.463725431358509	0.694004686787605	5.8789218155541	0.482432349054775	4.95658715131781	6.97288691962351	8.39263594872508	0.182841571305882	8.02088110531341	8.7816210267937	10.2520245805055	0.412159728936618	9.42974429977809	11.1460082753	"GP"	"GP_14"	"GP_14"	"C8"	170	5.366666667	1.381374501	1.433682753	0.249061637	7.96	0.63	0.002103195	0.221752611	"Normal"	25.26785714	4.849627281	254.5628255	231.8203125	0.91066051	4.9375	0.519404762	0.603773901492632	0.76884759993382	0.438700203051444
"15"	"GP2-4_46"	0.749263904202343	0.654881201482042	0.843646606922643	4.62389457426156	0.485387533887101	3.71705792953744	5.75196874495472	7.58545452988415	0.192508035546321	7.19549328557611	7.99654980434509	10.0191874417056	0.441965261185767	9.14096818727769	10.9817816816981	"GP"	"GP_15"	"GP_15"	"D1"	177	5.433333333	1.363558066	1.595340198	0.07646008	7.96	0.64	0.002897405	0.251249131	"Normal"	19.46428571	3.735755291	251.8030599	228.8765625	0.90895068	4.9375	0.525654762	0.400009372715581	0.550581892361161	0.249436853070002
"16"	"GP2-4_47"	0.80463934092244	0.721469213399548	0.887809468445332	5.94897462045646	0.265914151776331	5.42090017622896	6.52849118860815	7.88453270512129	0.0928256721903545	7.6938351569822	8.07995683683338	9.23736029648678	0.187716006692985	8.85511729561821	9.63610332856165	"GP"	"GP_16"	"GP_16"	"D7"	189	5.633333333	1.416048606	1.542451182	0.125788297	8.05	0.63	0.002294287	0.336225131	"Normal"	14.52380952	2.787536058	221.0878906	205.571875	0.929819695	4.875	0.62	0.301334279510481	0.429620141015257	0.173048418005706
"17"	"GP2-4_51"	0.815301921016575	0.580294349197225	1.05030949283593	5.80755907827371	0.61475735677534	4.66003744156119	7.23765481942995	7.81501259005659	0.265106710794739	7.28269041429422	8.38624441083863	9.23449477906914	0.51745667919902	8.2187189042779	10.3758134105631	"GP"	"GP_18"	"GP_18"	"D8"	179	5.7	1.405065612	0.782936704	0.185151304	7.89	0.64	0.004088786	0.12641942	"Normal"	21.875	4.198440579	138.3460286	154.3015625	1.115330624	3.8125	0.47672619	0.144606905194414	0.3286029588897	-0.0393891485008747
"18"	"GP2-4_52"	0.827041452933993	0.751402647534591	0.902680258333395	4.49214133490197	0.420060031311596	3.69826894704084	5.45642679364391	7.28131347612913	0.162365672570132	6.95136508572502	7.6269229545336	9.55273199512159	0.330053535534285	8.89042701367047	10.2643763263903	"GP"	"GP_19"	"GP_19"	"E1"	174	5.766666667	1.428291871	1.510461208	0.067017895	7.92	0.63	0.00287043	0.210540851	"Normal"	29.46428571	5.655042413	123.5250651	145.4703125	1.177658254	3.6875	0.484642857	0.261247175935246	0.375496657310504	0.146997694559988
"19"	"GP2-4_54"	0.618204836508059	0.469486068943897	0.766923604072221	7.25788293758175	0.357068664802165	6.55204145241173	8.03976365507433	8.4818830284812	0.112275284325418	8.2515782505744	8.71861570286016	9.25850736422069	0.189485566809	8.87271868215647	9.66107026313326	"GP"	"GP_20"	"GP_20"	"E2"	187	5.833333333	1.36934235	1.260399648	0.195249358	7.86	0.58	0.002533907	0.057761855	"Normal"	14.82142857	2.844657699	370.3196615	277.203125	0.748550925	5.5	0.634047619	0.481214489673345	0.668659571962208	0.293769407384481
"20"	"GP2-4_55"	0.829075820908405	0.752033071561369	0.906118570255441	6.33620812146032	0.17191133001159	5.98859779956001	6.70399561002566	7.96703124408115	0.0630631357242264	7.83695779425796	8.09926358039999	9.0617803750722	0.133161623531826	8.78904420410987	9.34297992580868	"GP"	"GP_21"	"GP_21"	"E7"	185	5.9	1.412575678	1.398489283	0.087801309	7.99	0.6	0.003194206	0.360360371	"Normal"	13.27380952	2.547625168	288.3188477	245.5578125	0.851688381	5.25	0.614583333	0.239035632665168	0.346779091959853	0.131292173370483
"21"	"GP2-4_56"	0.216952728071756	-2.47000610262533	2.90391155876884	8.47900430896758	1.24031636490751	6.2550256567266	11.4937200927669	8.76664039315156	0.410634463862722	7.95295333486842	9.66357786180925	8.93260318981749	0.125428013232509	8.67553299000982	9.19729079914977	"GP"	"GP_22"	"GP_22"	"E8"	172	5.966666667	1.341016975	1.106186148	0.379514029	7.98	0.62	0.003868964	0.280078971	"Normal"	15.625	2.998886128	210.4576823	196.4953125	0.933657115	4.8125	0.640238095	0.866196045436213	3.83847268419961	-2.10608059332718
"22"	"GP2-4_57"	0.883236100546972	0.826140310673781	0.940331890420164	4.74150380188281	0.233229488234977	4.28045951815596	5.25220673339164	7.21050980265767	0.0946830520614682	7.01626983428691	7.41012715334179	9.1265831279385	0.199942020453732	8.7201105749075	9.55200268111914	"GP"	"GP_23"	"GP_23"	"F1"	172	6.033333333	1.396532231	1.277305636	0.047236806	7.95	0.58	0.003201907	0.079183507	"Normal"	28.48214286	5.466540999	196.3777669	174.171875	0.886922576	4.1875	0.600833333	0.14914318685269	0.222071961049589	0.0762144126557902
"23"	"GP2-4_61"	0.626266777941131	0.570206580368275	0.682326975513986	6.4597228726532	0.191768455911806	6.0729795656699	6.8710950103248	8.35575175439985	0.0624528998993878	8.22687801052797	8.48664430076744	9.65649996319054	0.140343948398478	9.36900529699811	9.95281660999553	"GP"	"GP_25"	"GP_25"	"F2"	180	6.1	1.39477574	1.487688258	0.086490922	7.99	0.61	0.002962235	0.218977051	"Normal"	14.55357143	2.793248222	276.6665039	234.2734375	0.846771959	5.25	0.634047619	0.555998526081486	0.639398623751784	0.472598428411189
"24"	"GP2-4_63"	0.608814016347721	0.514067858782853	0.703560173912589	5.96778205300143	0.372644490092307	5.24103300179788	6.79530592917634	8.32192955310462	0.133567813609608	8.04874462604696	8.60438673413962	10.0324506380427	0.322172556742833	9.38433834521381	10.7253236298857	"GP"	"GP_26"	"GP_26"	"F7"	171	6.166666667	1.430010687	1.546746187	0.09224692	8.08	0.62	0.003663234	0.398983251	"Normal"	17.05357143	3.273070003	189.0183919	189.1359375	1.000621874	4.375	0.501845238	0.605065428622007	0.751613686568368	0.458517170675646
"25"	"GP2-4_67"	0.622782029462579	0.527129438577703	0.718434620347454	6.14443479735212	0.380014087699576	5.40286379124074	6.9877902604392	8.31433884742074	0.125384743085155	8.05763340013804	8.57922258768257	9.85520922691302	0.29587820233924	9.25871180986626	10.4901363062984	"GP"	"GP_27"	"GP_27"	"F8"	160	6.233333333	1.36107707	1.551822938	0.104043382	8.02	0.6	0.002320203	0.283468851	"Normal"	16.07142857	3.084568589	175.8583984	179.3234375	1.019703575	4.3125	0.524166667	0.585375499305778	0.733811383920058	0.436939614691499
"26"	"GP2-4_68"	0.905290551968213	0.827684195681686	0.98289690825474	5.35399934199398	0.313310581884989	4.7405205039571	6.04686952205858	7.420154028889	0.101776885968169	7.21148761474212	7.6348582641789	8.91438310554389	0.222156828837535	8.46415043043966	9.3885649605921	"GP"	"GP_28"	"GP_28"	"G2"	163	6.3	1.38309825	1.414518041	0.125300817	7.96	0.57	0.001590147	0.127394035	"Normal"	18.21428571	3.495844401	360.1494141	282.6	0.78467433	5.625	0.583333333	0.133968222894115	0.243743813957681	0.0241926318305485
"27"	"GP2-4_69"	0.858719216442096	0.770209189631019	0.947229243253172	6.12654195233856	0.222435759138807	5.6809935358068	6.60703379737852	7.84033116925391	0.082309687653014	7.67101382114209	8.01338575015399	9.00643796812862	0.168724148348092	8.66230396348889	9.36424364876224	"GP"	"GP_29"	"GP_29"	"G3"	168	6.366666667	1.446455331	1.524050089	0.157181155	7.94	0.61	0.001808954	0.192994371	"Normal"	15.71428571	3.01602262	371.8528646	290.2046875	0.780428807	5.6875	0.600833333	0.215318990755413	0.350212704994228	0.0804252765166005
"28"	"GP2-4_70"	0.708836465833133	0.58282890271375	0.834844028952516	6.28360654873908	0.364898517069676	5.5687899813567	7.09017782885348	8.16326166141465	0.13001750771949	7.89730432939984	8.43817563223963	9.45706865512206	0.276050105992092	8.9000680216717	10.0489285396376	"GP"	"GP_30"	"GP_30"	"G4"	173	6.433333333	1.456583205	1.460262023	0.07330566	7.96	0.61	0.001752757	0.190189491	"Low"	12.76785714	2.450518379	346.5805664	271.80625	0.784251272	5.8125	0.712916667	0.425175051426339	0.609179110460349	0.241170992392328
"29"	"VG1-2_44"	0.890225719916061	0.825686753606262	0.95476468622586	4.69372659834468	0.309989105169591	4.09138003115425	5.38475262924743	7.16539354230509	0.119708548328106	6.92072093407532	7.41871621543247	9.08913284912813	0.235941477425651	8.61147461800535	9.5932856582274	"VG"	"VG1-2_1"	"VG1-2_1"	"A1"	170	4	1.309597146	1.584569991	0.029048835	7.57	0.64	0.004729745	0.134550468	"Normal"	12.0333333	2.89106453	293.7617188	257.8234375	0.877661795	5.0625	0.479285714	0.173945030004639	0.276211539269306	0.0716785207399712
"30"	"VG1-2_45"	0.687043280999058	0.61217298836686	0.761913573631256	6.01157651213866	0.258639675452904	5.49706630335933	6.57424345404241	8.14476208259176	0.0908253373746675	7.95805375686024	8.33585087620682	9.66100899962015	0.205516212409691	9.24293052979607	10.0979980959351	"VG"	"VG1-2_2"	"VG1-2_2"	"B1"	172	4.0390625	1.407991056	1.328569725	0.096258474	7.65	0.64	0.003454552	0.129024139	"Normal"	26	6.24662142	149.8450521	164.85	1.100136426	4	0.47	0.415784822099984	0.515255226193013	0.316314418006955
"31"	"VG1-2_49"	0.974052513649591	0.92083724196709	1.02726778533209	5.99383820682425	0.261425468454595	5.47410151681481	6.56292111851267	7.49832443815536	0.0642731360824282	7.36584541192786	7.63318617694451	8.50432889090721	0.173715210008584	8.15063393247196	8.87337236390696	"VG"	"VG1-2_3"	"VG1-2_3"	"B2"	181	4.078125	1.346348971	1.483911662	0.113622362	7.7	0.63	0.004258175	0.144652596	"Normal"	10.7083333	2.57272709	223.4388021	214.1578125	0.958462946	4.5625	0.497202381	0.0385037775949577	0.117470539841119	-0.0404629846512008
"32"	"VG1-2_56"	0.723251087402139	0.62360043938262	0.822901735421658	5.79771551267893	0.345277130061722	5.12235680672277	6.56211709458472	8.01207042709105	0.119604416435509	7.76716065109889	8.2647025614933	9.60997486004954	0.286134435730284	9.03297400118492	10.2238329036118	"VG"	"VG1-2_4"	"VG1-2_4"	"C1"	175	4.1171875	1.326284011	1.626721304	0.071377311	7.65	0.62	0.004257728	0.172753876	"Normal"	18.6666667	4.48475384	244.0348307	224.4609375	0.919790576	4.8125	0.51375	0.450193351981775	0.612297184072531	0.288089519891017
"33"	"VG1-2_58"	0.725755076120129	0.65446993137776	0.797040220862497	5.63338269780603	0.260686742637043	5.11652369464124	6.20245356298805	7.96202518018426	0.0957234526757867	7.76542531449775	8.16360243031818	9.67144568522188	0.215494137656623	9.23352537524492	10.1301353319469	"VG"	"VG1-2_5"	"VG1-2_5"	"C2"	184	4.15625	1.42278285	1.520942903	0.072906029	7.65	0.64	0.005344493	0.181103636	"Normal"	13.0666667	3.13932769	379.2633464	294.865625	0.777469344	5.75	0.579940476	0.417110870658865	0.525531505644099	0.308690235673633
"34"	"VG1-2_61"	0.893797197193579	0.846606298721353	0.940988095665806	5.56418942868814	0.151843662699477	5.25720650666755	5.88909793805112	7.54187541369313	0.0513092537283964	7.43592325907062	7.64933724756837	8.94805821773015	0.120226973246544	8.70149332636958	9.20160975418387	"VG"	"VG1-2_6"	"VG1-2_6"	"D1"	177	4.1953125	1.365315167	1.6109705	0.09122778	7.64	0.64	0.00439037	0.12963674	"Normal"	12.7916667	3.07325765	153.8313802	170.9828125	1.111495017	3.8125	0.387797619	0.171089582338461	0.247112727645713	0.0950664370312087
"35"	"VG1-2_63"	0.769220976414087	0.526596156164204	1.01184579666397	6.94092484528691	0.552037560422382	5.88281628476083	8.18934934832488	8.23510351628969	0.204561873701215	7.82049495106089	8.67169282102881	9.06589852783705	0.294222064529689	8.47422132498389	9.69888712662272	"VG"	"VG1-2_7"	"VG1-2_7"	"D2"	186	4.234375	1.414947077	0.568659565	0.0982213	7.64	0.65	0.005246181	0.201088196	"Low"	17.25	4.14439306	204.4270833	197.4765625	0.966	4.5625	0.514166667	0.13123469916349	0.269205623904992	-0.00673622557801164
"36"	"VG1-2_64"	0.817126329480171	0.755541299749439	0.878711359210903	4.57044472123149	0.289257339234513	4.00680646781584	5.21337007854528	7.34626678248999	0.116774861753481	7.107390205109	7.59317190728073	9.59254253019164	0.251570115624928	9.08338454733419	10.1302407394544	"VG"	"VG1-2_8"	"VG1-2_8"	"E1"	174	4.2734375	1.364180864	1.581928041	0.058035783	7.58	0.65	0.005040748	0.12140324	"Normal"	19.5	4.68496606	184.0865885	182.2671875	0.990116602	4.4375	0.586666667	0.289292987355912	0.386716072792776	0.191869901919049
"37"	"VG1-2_65"	0.947149730995797	0.911034996965477	0.983264465026117	4.36413503025018	0.207388349307334	3.95347343181079	4.81745353567062	6.77617699963975	0.0812594996325787	6.60927837822731	6.94729017341864	8.6777494261715	0.165988242461631	8.33933351138096	9.02989849256549	"VG"	"VG1-2_9"	"VG1-2_9"	"E2"	187	4.3125	1.379986756	1.443195267	0.071115012	7.64	0.64	0.004003946	0.199070996	"Normal"	12.2916667	2.95313032	378.5222982	289.7140625	0.765381759	5.875	0.642857143	0.0762732580865425	0.128393871308064	0.024152644865021
"38"	"VG1-2_66"	0.610470792352827	0.500788999191935	0.720152585513719	5.89283186099108	0.459958890360734	5.00989305082535	6.93137897149136	8.30654145145738	0.165871450525036	7.96865716025003	8.65875259748466	10.0748140772572	0.377312261110805	9.31992846567748	10.8908431073373	"VG"	"VG1-2_10"	"VG1-2_10"	"F1"	172	4.3515625	1.524951778	1.370281279	0.110366237	7.74	0.63	0.005281478	0.117670068	"Low"	11.75	2.82299237	360.609375	286.034375	0.793197279	5.625	0.56	0.533764580862625	0.684059488678145	0.383469673047104
"39"	"VG1-2_67"	0.999838941142227	0.998817153928362	1.00086072835609	4.43121751245084	0.262486995577369	3.91762913382315	5.0121356493714	6.21953832295175	0.10138195474854	6.01223650592367	6.4339879032624	7.52538460494545	0.200596011778841	7.11957412625375	7.95432598187566	"VG"	"VG1-2_11"	"VG1-2_11"	"F2"	180	4.390625	1.450598357	1.676851461	0.074675836	7.76	0.66	0.003761664	0.200066356	"Normal"	18.8333333	4.52479628	120.7652995	146.696875	1.214727042	3.5	0.387797619	0.000270071780963572	0.00198345716336427	-0.00144331360143359
"40"	"VG1-2_72"	0.835308772209733	0.765499099794601	0.905118444624865	5.5596486580575	0.238385179316584	5.08535972775202	6.07817241174877	7.68177323829122	0.0833473302058241	7.51038384891626	7.85707378898381	9.21292493638843	0.182887049718233	8.84033418683748	9.60121914960001	"VG"	"VG1-2_12"	"VG1-2_12"	"G2"	163	4.4296875	1.365358868	1.739190374	0.05622729	7.81	0.65	0.004085761	0.125711472	"Normal"	12.4583333	2.99317276	185.0576172	190.853125	1.031317316	4.125	0.432083333	0.286429398055074	0.407841708331565	0.165017087778583
"41"	"VG1-2_74"	0.498172503361655	0.45332707283306	0.543017933890249	6.16739915617165	0.186490341283014	5.79151362387015	6.56768071731287	8.65634608424757	0.0700965557578671	8.51179287806115	8.8033541938507	10.4737871584251	0.153522619253431	10.1593363734197	10.7979707933488	"VG"	"VG1-2_13"	"VG1-2_13"	"G3"	168	4.46875	1.449433932	1.887243718	0.058568423	7.77	0.65	0.005040477	0.187774652	"Normal"	11.1666667	2.68284381	163.5927734	172.209375	1.05267104	4.125	0.489047619	0.947070790550383	1.03170504759648	0.862436533504288
"42"	"VG1-2_78"	0.861894449067768	0.807793259376619	0.915995638758916	6.26973771134063	0.136414017453842	5.9923715810351	6.559942159364	7.88639153653797	0.0496950141811593	7.78371929543897	7.99041809023384	8.97193972880794	0.0961411492179545	8.77421456365237	9.17412059089823	"VG"	"VG1-2_14"	"VG1-2_14"	"G4"	173	4.5078125	1.470970803	1.854203084	0.033349078	7.57	0.64	0.004409706	0.140695316	"Normal"	11.5833333	2.78294993	303.1653646	269.5984375	0.88927849	4.9375	0.442142857	0.256075738456064	0.356390331229461	0.155761145682668
"43"	"VG1-2_81"	0.226671974618838	0.19106219289368	0.262281756343997	6.88784534397752	0.180922867663746	6.52168740670963	7.27456109499257	9.95264842940998	0.0699992670398748	9.8081364063811	10.0992896769862	12.2406325380461	0.185665723427349	11.8605456883299	12.6328997728072	"VG"	"VG1-2_15"	"VG1-2_15"	"G5"	176	4.546875	1.614678916	1.783334116	0.066499002	7.62	0.67	0.004522827	0.138758166	"Normal"	8.66666667	2.08220714	442.2013346	302.9609375	0.685119908	6.875	1.0675	1.37910225052114	1.44260638913493	1.31559811190735
"44"	"VG1-2_83"	0.86429289782815	0.806231621360481	0.922354174295819	5.90584659409324	0.173198437547987	5.55642431214947	6.27724270745444	7.74701267684545	0.0623855066705712	7.61835522143882	7.87784287693917	9.02374284126079	0.124963840579062	8.76757275965682	9.28739767520249	"VG"	"VG1-2_16"	"VG1-2_16"	"G6"	168	4.5859375	1.416530257	1.684539295	0.083422494	7.66	0.66	0.003720059	0.108751872	"Normal"	19	4.56483873	156.5911458	178.8328125	1.142036554	3.8125	0.365178571	0.228603946219061	0.326410447946708	0.130797444491414
"45"	"VG1-2_85"	0.822744371790904	0.752712698359059	0.892776045222749	5.49467655671327	0.261800518679658	4.97633663395632	6.06700725527312	7.68767500446564	0.0906223183934228	7.50150680884218	7.87846341812595	9.28514186371987	0.194750347140356	8.88884220798007	9.69911012167633	"VG"	"VG1-2_17"	"VG1-2_17"	"A6"	182	4.625	1.359394988	1.50883097	0.157807148	7.65	0.65	0.002285772	0.080096796	"Normal"	14.0416667	3.37357599	183.3710938	192.815625	1.051505017	4.125	0.406666667	0.26744878144869	0.373114739203584	0.161782823693796
"46"	"VG1-2_86"	0.82491997448513	0.751700856077817	0.898139092892442	6.29385118266908	0.176034199999463	5.93821122014741	6.67079045204485	7.96014824974498	0.0685167982866781	7.81892748032771	8.10391966383379	9.08374052609359	0.12785089530491	8.82171349806931	9.35355041437855	"VG"	"VG1-2_18"	"VG1-2_18"	"A7"	171	4.6640625	1.419708276	1.536579674	0.110409113	7.74	0.66	0.003621016	0.083274204	"Normal"	12.5	3.00318337	265.2952474	239.6703125	0.903409748	4.9375	0.50875	0.269024408529551	0.381531417622427	0.156517399436676
"47"	"VG1-2_88"	0.681785597088183	0.59690007121764	0.766671122958726	5.12725655282678	0.404887800505032	4.35075046458339	6.04235061801514	7.94919436121392	0.156631752277482	7.63004435012138	8.28169380055438	10.171404313369	0.364319484007256	9.4412902546109	10.9579795680463	"VG"	"VG1-2_19"	"VG1-2_19"	"A8"	160	4.78125	1.361526475	1.46297308	0.238438939	7.83	0.66	0.002471343	0.116954924	"Normal"	12.2916667	2.95313032	145.4498698	165.340625	1.136753338	3.875	0.416666667	0.465539105128262	0.58972434435851	0.341353865898014
"48"	"VG1-2_89"	0.0541174463329368	-0.173405843734899	0.281640736400772	8.62578366047323	0.644566414746975	7.38429562942063	10.0759974263279	9.45020376646773	0.330640964172454	8.78701780829475	10.1634426122885	9.9477966797301	0.518171935787281	8.92651303036221	11.085925539419	"VG"	"VG1-2_20"	"VG1-2_20"	"A7"	181	4.8203125	1.438100453	0.697779429	0.207492379	7.79	0.64	0.004161458	0.156144276	"Normal"	19.4166667	4.66494484	161.0374349	184.2296875	1.144017772	3.8125	0.371190476	0.660017388198865	0.818778459626601	0.50125631677113
"49"	"VG1-2_90"	0.688722988518018	0.638804064090256	0.73864191294578	5.08148906269781	0.239702090079085	4.60667150250681	5.60524688601438	7.91610854279377	0.0931451063315435	7.72475345173139	8.11220382020699	10.1564130168733	0.215177415229517	9.71864187779615	10.6139033278901	"VG"	"VG1-2_21"	"VG1-2_21"	"A8"	165	4.859375	1.378735887	1.533480638	0.073843562	7.8	0.65	0.003990865	0.155110596	"Normal"	11.7916667	2.83300298	161.3951823	181.040625	1.121722609	3.875	0.37125	0.477337270162123	0.553886974241881	0.400787566082365
"50"	"VG1-2_93"	0.870739762959797	0.763015279430876	0.978464246488717	6.10296108561985	0.274081889954593	5.5587837398114	6.70041069341078	7.8082065445799	0.10536586985155	7.59213223062486	8.03043039699566	8.96827802211324	0.206429431341516	8.54909722876548	9.40801215961064	"VG"	"VG1-2_22"	"VG1-2_22"	"B8"	167	4.8984375	1.417369269	1.359448225	0.245416723	7.65	0.62	0.002966714	0.118423016	"Normal"	10.5	2.52267403	155.875651	187.41875	1.202360656	3.5	0.267559524	0.175722599807383	0.322168457729817	0.0292767418849512
"51"	"VG1-2_94"	0.902669231418272	0.859763641686673	0.945574821149872	5.66940388622132	0.139329032465531	5.38693301137443	5.96668649066801	7.56384873830119	0.0492437186552494	7.46213095806435	7.66695305368121	8.89465428631369	0.104971348778546	8.67901148127703	9.11565505400133	"VG"	"VG1-2_23"	"VG1-2_23"	"C8"	170	4.9375	1.374520392	1.42832058	0.066849239	7.69	0.66	0.00265776	0.145681116	"Normal"	10.75	2.5827377	756.3035482	464.8671875	0.614656891	7.375	0.628571429	0.139019539832499	0.200302476643179	0.0777366030218185
"52"	"VG1-2_95"	0.516003960887042	0.32918925486869	0.702818666905393	7.15091646779441	0.577528368050055	6.04532346633311	8.45870475155739	8.62194124842154	0.162093304664896	8.29135434469452	8.96570907487511	9.57805460821442	0.363137527215657	8.85187298940454	10.3638100306847	"VG"	"VG1-2_24"	"VG1-2_24"	"D8"	179	4.9765625	1.437469457	1.416569635	0.095668111	7.8	0.67	0.0031026	0.168807716	"Low"	14.75	3.54375638	180.7135417	201.646875	1.115837104	3.875	0.329672619	0.685614092467689	0.950250132384738	0.420978052550641
"53"	"VG1-2_99"	0.569752548515577	0.505960780786515	0.633544316244639	5.92393431762953	0.255076115003208	5.41653124830409	6.4788692598379	8.42392591098554	0.0965763648946811	8.22545966275703	8.62718080973338	10.2676755299945	0.243298445173267	9.77397286621534	10.7863160899146	"VG"	"VG1-2_25"	"VG1-2_25"	"E8"	172	5.015625	1.396445545	1.593281588	0.062734709	7.85	0.66	0.004375602	0.214534276	"Normal"	8.58333333	2.06218592	269.2815755	235.5	0.87454925	5.125	0.57625	0.685505342734054	0.787143591722742	0.583867093745367
"54"	"VG1-2_103"	0.777490613627926	0.703113444531576	0.851867782724275	5.90202991510471	0.241658230550272	5.42027575624176	6.42660238802014	7.92492977197721	0.0864254502645311	7.74722097822711	8.106714919747	9.35296487551175	0.177643284742787	8.99073630274823	9.72978730738848	"VG"	"VG1-2_26"	"VG1-2_26"	"F6"	182	5.0546875	1.502078035	1.86078132	0.07367902	7.85	0.66	0.004170724	0.190749676	"Normal"	14	3.36356538	405.9666341	306.3953125	0.754730283	5.875	0.60875	0.414041309685818	0.552440956574787	0.27564166279685
"55"	"VG1-2_104"	0.561247435600136	0.493886908992558	0.628607962207715	6.34876679000446	0.241933606321125	5.86505797041365	6.872368518298	8.48552974483406	0.0858502591248305	8.30885944462531	8.66595656483759	9.9886321285278	0.205218401494123	9.57084583784649	10.4246556145039	"VG"	"VG1-2_27"	"VG1-2_27"	"F7"	171	5.09375	1.461623926	1.58298271	0.156518456	7.71	0.66	0.0043432	0.130724716	"Normal"	12.7916667	3.07325765	152.758138	179.56875	1.175510204	3.625	0.326607143	0.694537723413146	0.801168272369437	0.587907174456854
"56"	"VG1-2_105"	0.300885612084577	0.191396578603118	0.410374645566035	6.97411234385108	0.399663801930193	6.19058209186441	7.85681253602562	9.30802739506327	0.179036381968092	8.9430491910877	9.68790086423654	10.9480224258367	0.402847528072168	10.141506840306	11.8186771378253	"VG"	"VG1-2_28"	"VG1-2_28"	"F8"	160	5.1328125	1.388622765	1.549503587	0.222008772	7.73	0.64	0.004711267	0.119076568	"Normal"	13.2083333	3.17336377	128.891276	160.6796875	1.246629659	3.3125	0.290297619	1.08328025179826	1.25293390191494	0.913626601681575
"57"	"VG1-2_106"	0.713304729309634	0.580273749323844	0.846335709295424	6.38279412871456	0.361400144282799	5.67378333969077	7.18040475824258	8.17853227431708	0.133267525581969	7.90603047785697	8.46042655026256	9.40157706605719	0.264774453658659	8.86676273242646	9.96864966350849	"VG"	"VG1-2_29"	"VG1-2_29"	"A1"	160	5.171875	1.275488203	1.31594626	0.293761605	7.77	0.64	0.002993067	0.115888916	"Normal"	14	3.36356538	142.1279297	166.321875	1.170226537	3.75	0.403928571	0.377275569224675	0.55233718980111	0.20221394864824
"58"	"VG1-2_107"	0.673908067030449	0.613067303649754	0.734748830411144	5.8127131961399	0.23082494570306	5.35197274529748	6.31311785551719	8.13099842623425	0.0836696945484449	7.95884633933885	8.30687421123349	9.81946870935686	0.189415151081208	9.43335464600956	10.221386702007	"VG"	"VG1-2_30"	"VG1-2_30"	"C3/D3"	199	5.2109375	1.335307782	1.72430081	0.097574925	7.77	0.67	0.004329767	0.12135334	"Normal"	11.8333333	2.84301359	148.0818685	163.6234375	1.104952545	4	0.469583333	0.562280584153862	0.667188361732213	0.457372806575512
